Start time: 2022-08-31 18:41:57.791868
Model_name:  wgs_wes__Head-SCC
Model directory: /Users/bs/Documents/TestRun6/MutSigExperiments/Results_KidneyRCC_it400_ig100/tuned_train/wgs_wes__Head-SCC/combined_signatures/

****************************************** Combine signatures ******************************************
/Users/bs/Documents/TestRun6/MutSigExperiments/Results_KidneyRCC_it400_ig100/tuned_train/wgs_wes__Head-SCC/3730/wgs_wes__Head-SCC__signatures_3730.csv
/Users/bs/Documents/TestRun6/MutSigExperiments/Results_KidneyRCC_it400_ig100/tuned_train/wgs_wes__Head-SCC/6931/wgs_wes__Head-SCC__signatures_6931.csv
/Users/bs/Documents/TestRun6/MutSigExperiments/Results_KidneyRCC_it400_ig100/tuned_train/wgs_wes__Head-SCC/4291/wgs_wes__Head-SCC__signatures_4291.csv
/Users/bs/Documents/TestRun6/MutSigExperiments/Results_KidneyRCC_it400_ig100/tuned_train/wgs_wes__Head-SCC/3680/wgs_wes__Head-SCC__signatures_3680.csv
/Users/bs/Documents/TestRun6/MutSigExperiments/Results_KidneyRCC_it400_ig100/tuned_train/wgs_wes__Head-SCC/232/wgs_wes__Head-SCC__signatures_232.csv
/Users/bs/Documents/TestRun6/MutSigExperiments/Results_KidneyRCC_it400_ig100/tuned_train/wgs_wes__Head-SCC/3453/wgs_wes__Head-SCC__signatures_3453.csv
/Users/bs/Documents/TestRun6/MutSigExperiments/Results_KidneyRCC_it400_ig100/tuned_train/wgs_wes__Head-SCC/1213/wgs_wes__Head-SCC__signatures_1213.csv
/Users/bs/Documents/TestRun6/MutSigExperiments/Results_KidneyRCC_it400_ig100/tuned_train/wgs_wes__Head-SCC/3121/wgs_wes__Head-SCC__signatures_3121.csv
/Users/bs/Documents/TestRun6/MutSigExperiments/Results_KidneyRCC_it400_ig100/tuned_train/wgs_wes__Head-SCC/2007/wgs_wes__Head-SCC__signatures_2007.csv
/Users/bs/Documents/TestRun6/MutSigExperiments/Results_KidneyRCC_it400_ig100/tuned_train/wgs_wes__Head-SCC/4521/wgs_wes__Head-SCC__signatures_4521.csv
/Users/bs/Documents/TestRun6/MutSigExperiments/Results_KidneyRCC_it400_ig100/tuned_train/wgs_wes__Head-SCC/3474/wgs_wes__Head-SCC__signatures_3474.csv
/Users/bs/Documents/TestRun6/MutSigExperiments/Results_KidneyRCC_it400_ig100/tuned_train/wgs_wes__Head-SCC/825/wgs_wes__Head-SCC__signatures_825.csv
/Users/bs/Documents/TestRun6/MutSigExperiments/Results_KidneyRCC_it400_ig100/tuned_train/wgs_wes__Head-SCC/2583/wgs_wes__Head-SCC__signatures_2583.csv
/Users/bs/Documents/TestRun6/MutSigExperiments/Results_KidneyRCC_it400_ig100/tuned_train/wgs_wes__Head-SCC/897/wgs_wes__Head-SCC__signatures_897.csv
/Users/bs/Documents/TestRun6/MutSigExperiments/Results_KidneyRCC_it400_ig100/tuned_train/wgs_wes__Head-SCC/4963/wgs_wes__Head-SCC__signatures_4963.csv
/Users/bs/Documents/TestRun6/MutSigExperiments/Results_KidneyRCC_it400_ig100/tuned_train/wgs_wes__Head-SCC/4166/wgs_wes__Head-SCC__signatures_4166.csv
/Users/bs/Documents/TestRun6/MutSigExperiments/Results_KidneyRCC_it400_ig100/tuned_train/wgs_wes__Head-SCC/combined_signatures/combined_sig.csv
Extracting similar signatures using cosine similarity: 
[[76, 136, 142, 217], [3, 23, 36, 43, 93, 124, 138, 148, 172, 188, 197, 214], [212], [3, 23, 51, 93, 124, 172, 188, 197], [30, 146], [157], [23, 36, 43, 65, 77, 101, 197, 214], [19, 32, 47, 62, 70, 82, 89, 107, 125, 129, 147, 161, 169, 190, 196, 211], [9, 74, 134, 208, 218], [0, 26, 29, 46, 61, 70, 73, 92, 105, 118, 123, 139, 150, 155, 175, 183, 198, 219], [108, 137, 166], [3, 23, 33, 43, 58, 77, 93, 124, 151, 172, 188, 197, 214], [19, 32, 44, 47, 62, 82, 84, 125, 127, 147, 161, 178, 190, 196, 211], [18, 44, 69, 84, 127, 178], [3, 36, 43, 77, 197, 214], [0, 26, 29, 46, 61, 70, 89, 92, 105, 118, 139, 150, 155, 169, 175, 183, 198, 219], [9, 74, 96, 108, 124, 134, 148, 166], [13, 22, 40, 63, 83, 102, 122, 130, 165, 177, 202, 213], [19, 32, 47, 62, 82, 84, 89, 107, 125, 129, 147, 161, 169, 178, 190, 196, 211], [8, 136, 171], [9, 23, 43, 108, 124, 134, 148, 173, 188], [112, 134], [1, 32, 62, 125, 161, 190, 211], [10, 15, 37, 42, 59, 79, 91, 103, 113, 133, 143, 156, 179, 187, 205, 220], [8, 171], [18, 44, 69, 127], [4, 14, 28, 49, 57, 78, 87, 110, 117, 131, 152, 154, 181, 191, 201, 223], [36, 65, 101], [23, 138, 172, 197], [21, 39, 54, 68, 96, 180, 186, 207, 215], [21, 39, 54, 68, 96, 144, 180, 186, 207, 215], [83, 137, 149, 166], [3, 23, 36, 43, 58, 77, 197, 214], [7, 25, 64, 95, 98, 114, 140, 163, 192], [22, 40, 50, 63, 83, 88, 102, 122, 137, 149, 177, 193, 202], [3, 23, 51, 58, 93, 124, 138, 172, 188, 197], [3, 23, 36, 43, 77, 124, 148, 173, 188, 197, 214], [9, 74, 96, 108, 134, 148, 173, 208, 218], [5, 20, 31, 52, 60, 72, 86, 99, 120, 126, 144, 159, 176, 195, 199, 222], [18, 30, 81, 111, 146], [17, 56, 97, 109, 141, 162, 194], [19, 32, 47, 62, 82, 89, 107, 125, 129, 147, 161, 169, 190, 196, 211], [9, 74, 96, 134, 208, 218], [19, 32, 44, 47, 62, 82, 84, 101, 127, 147, 161, 178, 190, 196, 211], [18, 44, 69, 84, 111, 127, 178], [13, 22, 40, 50, 63, 83, 88, 102, 122, 130, 149, 165, 177, 193, 202, 213], [6, 101, 119, 132, 164, 182], [22, 40, 50, 63, 83, 88, 102, 122, 149, 177, 193, 202], [12, 16, 41, 53, 67, 75, 90, 104, 116, 135, 153, 167, 168, 185, 200, 210], [1, 19, 32, 47, 62, 82, 84, 89, 107, 125, 129, 147, 161, 169, 178, 190, 196, 211], [18, 30, 44, 69, 81, 111, 127], [6, 119, 132, 142, 164, 182, 209], [36, 65, 84, 101, 164, 182], [9, 21, 39, 54, 68, 74, 96, 108, 186, 208, 215], [21, 39, 54, 68, 180, 186, 207, 215], [9, 74, 108, 112, 134, 148, 173, 208, 218], [3, 33, 58, 151, 172, 197, 214], [27, 48, 85, 121, 160, 203], [3, 23, 36, 43, 58, 77, 93, 124, 138, 172, 188, 197, 214], [119, 182, 209], [5, 20, 31, 52, 60, 72, 86, 99, 120, 126, 144, 159, 176, 186, 195, 199, 222], [0, 26, 29, 46, 61, 73, 92, 105, 118, 123, 139, 150, 155, 175, 183, 198, 219], [35, 189], [13, 40, 122, 130, 165, 177, 202, 213], [3, 23, 43, 51, 93, 108, 124, 148, 172, 188, 197], [2, 24, 34, 55, 66, 80, 94, 115, 145, 158, 174, 184, 206, 221], [13, 22, 40, 50, 63, 83, 88, 102, 122, 137, 149, 165, 177, 193, 202, 213], [9, 43, 134, 148, 173], [18, 30, 81, 111], [11, 19, 32, 47, 62, 82, 89, 107, 129, 147, 161, 190, 196, 211], [2, 24, 34, 55, 66, 80, 94, 106, 115, 145, 158, 174, 184, 206, 221], [9, 74, 96, 108, 134, 208, 218], [3, 33, 58, 151], [51, 93, 124, 172, 188], [48, 85, 121, 160, 203], [3, 23, 43, 51, 93, 124, 148, 172, 188, 197], [6, 76, 119, 132, 142, 217], [11, 129], [18, 30, 44, 81, 111], [1, 19, 32, 47, 62, 82, 89, 107, 125, 147, 161, 178, 190, 196, 211], [19, 32, 47, 62, 70, 82, 89, 107, 147, 161, 169, 190, 196, 211], [6, 76, 119, 132, 142, 164, 182], [38, 45, 71, 128, 170, 204, 216], [2, 24, 34, 55, 66, 80, 106, 115, 145, 158, 174, 206, 221], [27, 121], [13, 22, 40, 50, 63, 83, 88, 102, 122, 149, 165, 177, 193, 202, 213], [136, 171, 217], [6, 101, 119, 132, 164, 182, 209], [6, 76, 132, 142, 217], [100]]
[[9, 15, 61], [46, 51, 52, 59, 76, 81, 87, 88], [2], [8, 16, 20, 21, 37, 42, 53, 55, 67, 71], [5], [8, 16, 21, 37, 42, 55, 67, 71], [8, 16, 20, 21, 36, 37, 42, 55, 64, 67, 71], [19, 24, 86], [23], [17, 31, 34, 45, 47, 63, 66, 85], [26], [1, 3, 6, 11, 14, 20, 27, 28, 32, 35, 36, 56, 58, 64, 72, 73, 75], [46, 51, 59, 76, 81, 87, 88], [1, 3, 6, 11, 14, 20, 28, 32, 35, 36, 56, 58, 64, 73, 75], [1, 3, 11, 14, 20, 28, 32, 35, 36, 56, 58, 64, 73, 75], [0, 46, 51, 59, 76, 81, 87, 88], [1, 3, 6, 11, 14, 28, 32, 35, 36, 56, 58, 64, 72, 73, 75], [4, 25, 39, 44, 50, 68, 78], [6, 27, 46, 52, 87], [29, 30, 42, 53, 54, 71], [7, 12, 13, 18, 22, 41, 43, 49, 69, 79, 80], [7, 12, 18, 22, 41, 43, 49, 69, 77, 79, 80], [1, 3, 11, 14, 16, 20, 21, 28, 32, 35, 36, 37, 55, 58, 64, 67, 71, 73, 75], [0, 51, 76, 81, 86, 88], [62], [65, 70, 83], [10, 16, 31], [1, 3, 6, 11, 14, 20, 28, 32, 35, 36, 56, 58, 64, 72, 73, 75], [89], [10, 31, 34, 45, 47, 66, 85], [0, 19, 24, 86], [17, 34, 45, 47, 63, 66, 85], [12, 13, 25, 43, 44, 50, 68, 78], [40], [1, 3, 6, 11, 14, 20, 28, 32, 35, 36, 56, 58, 64, 67, 73, 75], [6, 14, 27, 32, 52], [8, 16, 20, 21, 37, 42, 55, 67, 71], [8, 16, 21, 37, 42, 53, 55, 67, 71], [8, 10, 16, 20, 37, 42, 55, 67, 71], [4, 13, 25, 39, 44, 50, 68, 78], [1, 3, 6, 11, 14, 20, 27, 28, 32, 35, 36, 56, 58, 64, 72, 75], [1, 3, 6, 11, 14, 20, 28, 32, 35, 36, 56, 58, 64, 67, 72, 73, 75], [7, 18, 41, 69, 77, 80], [13, 25, 39, 44, 50, 68, 78], [29, 30, 53, 54], [82], [4, 39, 50, 68, 78], [57, 74, 84], [1, 11, 14, 28, 32, 35, 36, 56, 58, 72], [33], [8, 20, 21, 37, 42, 55, 67, 71], [38, 60], [1, 3, 11, 20, 28, 32, 35, 36, 56, 58, 64, 73, 75], [48], [1, 6, 11, 14, 27, 28, 32, 35, 36, 52, 56, 58, 64, 75], [7, 12, 18, 22, 41, 43, 49, 69, 79, 80]]
[[51], [2], [20, 21, 42, 55], [1, 12, 15, 23], [1, 18, 35], [8], [26], [11, 13, 14, 16, 18, 22, 27, 34, 35, 40, 41, 48, 52, 54], [47], [53], [4], [9, 29, 31], [10], [25], [3, 5, 6, 36, 37, 38, 50], [28], [1, 12, 15, 18, 23], [3, 5, 6, 11, 13, 14, 16, 22, 27, 34, 35, 36, 38, 40, 41, 48, 50, 52, 54], [11, 13, 14, 16, 22, 27, 34, 35, 40, 41, 48, 52, 54], [49], [19, 44], [0], [7, 30], [3, 5, 6, 22, 36, 37, 38, 50], [17, 32, 39, 43, 46], [24], [33], [45]]
[[2], [5], [11], [8], [20], [26], [3, 4, 16], [1], [14, 17, 23], [10], [13], [19], [25], [22], [7, 17, 18], [0], [9], [6], [12], [15], [21], [7, 14, 17, 18, 23], [24], [27]]
[[2], [5], [11], [17], [23], [20], [4], [1], [7], [10], [16], [13], [19], [22], [8, 14, 21], [0], [3], [9], [6], [12], [18], [15]]
[[2], [5], [11], [8], [14], [17], [20], [4], [1], [7], [10], [16], [13], [19], [0], [3], [9], [6], [12], [18], [15], [21]]
[[2], [5], [11], [8], [14], [17], [20], [4], [1], [7], [10], [16], [13], [19], [0], [3], [9], [6], [12], [18], [15], [21]]
[[2], [5], [11], [8], [14], [17], [20], [4], [1], [7], [10], [16], [13], [19], [0], [3], [9], [6], [12], [18], [15], [21]]
[[2], [5], [11], [8], [14], [17], [20], [4], [1], [7], [10], [16], [13], [19], [0], [3], [9], [6], [12], [18], [15], [21]]
[[2], [5], [11], [8], [14], [17], [20], [4], [1], [7], [10], [16], [13], [19], [0], [3], [9], [6], [12], [18], [15], [21]]
[[2], [5], [11], [8], [14], [17], [20], [4], [1], [7], [10], [16], [13], [19], [0], [3], [9], [6], [12], [18], [15], [21]]
[[2], [5], [11], [8], [14], [17], [20], [4], [1], [7], [10], [16], [13], [19], [0], [3], [9], [6], [12], [18], [15], [21]]
Pairwise Cosine Similarity of extracted signature: 
          0         1         2         3         4         5         6         7         8         9   ...        12        13        14        15        16        17        18        19        20        21
0   1.000000  0.409632  0.376631  0.269947  0.215497  0.123994  0.253381  0.355628  0.325759  0.179985  ...  0.195151  0.180321  0.140284  0.221949  0.771428  0.682375  0.300889  0.185326  0.156692  0.091187
1   0.409632  1.000000  0.822789  0.279689  0.298007  0.180244  0.385545  0.632499  0.462192  0.458071  ...  0.536496  0.380525  0.396274  0.808519  0.671108  0.582614  0.436046  0.285687  0.433660  0.495145
2   0.376631  0.822789  1.000000  0.375153  0.441784  0.235863  0.700782  0.707269  0.725968  0.349880  ...  0.677138  0.545615  0.423249  0.697689  0.577920  0.514208  0.531188  0.386340  0.278866  0.474774
3   0.269947  0.279689  0.375153  1.000000  0.404015  0.084592  0.348376  0.360728  0.320695  0.146009  ...  0.210623  0.203993  0.157715  0.157877  0.214738  0.335156  0.288538  0.371299  0.132288  0.066741
4   0.215497  0.298007  0.441784  0.404015  1.000000  0.316904  0.660816  0.586169  0.434738  0.202134  ...  0.308328  0.282816  0.243976  0.164277  0.197342  0.313383  0.379560  0.632678  0.164330  0.099212
5   0.123994  0.180244  0.235863  0.084592  0.316904  1.000000  0.453975  0.283419  0.192015  0.105605  ...  0.152835  0.141206  0.071455  0.119116  0.122285  0.219285  0.154741  0.149659  0.079225  0.081674
6   0.253381  0.385545  0.700782  0.348376  0.660816  0.453975  1.000000  0.657564  0.759816  0.217175  ...  0.583088  0.493427  0.270464  0.339879  0.349710  0.294093  0.537895  0.458595  0.135109  0.308169
7   0.355628  0.632499  0.707269  0.360728  0.586169  0.283419  0.657564  1.000000  0.651604  0.330031  ...  0.551171  0.454645  0.460673  0.418086  0.408870  0.555348  0.537588  0.427051  0.249653  0.287482
8   0.325759  0.462192  0.725968  0.320695  0.434738  0.192015  0.759816  0.651604  1.000000  0.275530  ...  0.692820  0.554214  0.360804  0.430928  0.409030  0.416160  0.785242  0.362215  0.196291  0.379411
9   0.179985  0.458071  0.349880  0.146009  0.202134  0.105605  0.217175  0.330031  0.275530  1.000000  ...  0.553625  0.756071  0.276564  0.337632  0.331570  0.245846  0.395807  0.457047  0.817604  0.568537
10  0.048931  0.095469  0.234316  0.045228  0.210936  0.680931  0.525962  0.192783  0.183621  0.024169  ...  0.112687  0.103293  0.014498  0.054759  0.057407  0.082591  0.075062  0.088543  0.017586  0.025077
11  0.450547  0.844246  0.537090  0.251292  0.247210  0.156804  0.153201  0.560752  0.235771  0.518715  ...  0.210208  0.260533  0.243617  0.428029  0.450775  0.703277  0.380198  0.298587  0.498997  0.187827
12  0.195151  0.536496  0.677138  0.210623  0.308328  0.152835  0.583088  0.551171  0.692820  0.553625  ...  1.000000  0.836850  0.405941  0.732920  0.584926  0.209151  0.493559  0.388050  0.275705  0.895344
13  0.180321  0.380525  0.545615  0.203993  0.282816  0.141206  0.493427  0.454645  0.554214  0.756071  ...  0.836850  1.000000  0.256174  0.391894  0.389083  0.225466  0.516731  0.504417  0.365322  0.772313
14  0.140284  0.396274  0.423249  0.157715  0.243976  0.071455  0.270464  0.460673  0.360804  0.276564  ...  0.405941  0.256174  1.000000  0.463510  0.343006  0.169661  0.275348  0.174480  0.505941  0.307965
15  0.221949  0.808519  0.697689  0.157877  0.164277  0.119116  0.339879  0.418086  0.430928  0.337632  ...  0.732920  0.391894  0.463510  1.000000  0.718328  0.255663  0.309098  0.160381  0.292019  0.772180
16  0.771428  0.671108  0.577920  0.214738  0.197342  0.122285  0.349710  0.408870  0.409030  0.331570  ...  0.584926  0.389083  0.343006  0.718328  1.000000  0.405050  0.332401  0.204208  0.256558  0.579073
17  0.682375  0.582614  0.514208  0.335156  0.313383  0.219285  0.294093  0.555348  0.416160  0.245846  ...  0.209151  0.225466  0.169661  0.255663  0.405050  1.000000  0.431093  0.263972  0.199736  0.070028
18  0.300889  0.436046  0.531188  0.288538  0.379560  0.154741  0.537895  0.537588  0.785242  0.395807  ...  0.493559  0.516731  0.275348  0.309098  0.332401  0.431093  1.000000  0.380743  0.307752  0.304125
19  0.185326  0.285687  0.386340  0.371299  0.632678  0.149659  0.458595  0.427051  0.362215  0.457047  ...  0.388050  0.504417  0.174480  0.160381  0.204208  0.263972  0.380743  1.000000  0.261582  0.256140
20  0.156692  0.433660  0.278866  0.132288  0.164330  0.079225  0.135109  0.249653  0.196291  0.817604  ...  0.275705  0.365322  0.505941  0.292019  0.256558  0.199736  0.307752  0.261582  1.000000  0.242764
21  0.091187  0.495145  0.474774  0.066741  0.099212  0.081674  0.308169  0.287482  0.379411  0.568537  ...  0.895344  0.772313  0.307965  0.772180  0.579073  0.070028  0.304125  0.256140  0.242764  1.000000

[22 rows x 22 columns]
Mean Cosine Similarity of extracted signature: 
0.3846675453863821
Extracted signatures: 
                                   0         1           2           3          4         5         6          7   ...        14         15         16         17        18          19         20         21
mutation_type                                                                                                      ...                                                                                       
A[C>A]A                      0.022444  0.000050    0.001746    0.017915   0.002433  0.000163  0.000024   0.015445  ...  0.000146   0.031390   0.000040   0.038626  0.014568    0.008149   0.008630   0.001683
A[C>A]C                      0.007994  0.003829    0.004436    0.008725   0.000957  0.001448  0.000176   0.028011  ...  0.001368   0.010206   0.001471   0.020346  0.010970    0.007457   0.003668   0.000924
A[C>A]G                      0.000885  0.000086    0.000458    0.001688   0.000156  0.000016  0.000026   0.040709  ...  0.000018   0.004700   0.000072   0.008597  0.000717    0.001675   0.000972   0.000152
A[C>A]T                      0.010420  0.000049    0.001090    0.012914   0.000466  0.000954  0.000024   0.010507  ...  0.001177   0.004008   0.000100   0.023309  0.012730    0.007206   0.005610   0.001194
A[C>G]A                      0.007765  0.000052    0.000504    0.006709   0.000154  0.000971  0.000024   0.012137  ...  0.001046   0.007534   0.001346   0.014079  0.007200    0.004350   0.002215   0.003055
...                               ...       ...         ...         ...        ...       ...       ...        ...  ...       ...        ...        ...        ...       ...         ...        ...        ...
T[T>G]C                      0.004252  0.001100    0.001186    0.003925   0.000379  0.000381  0.002440   0.001488  ...  0.000161   0.002063   0.002318   0.001060  0.003253    0.007339   0.002000   0.000288
T[T>G]G                      0.006962  0.001048    0.000321    0.006057   0.000808  0.000118  0.000024   0.002980  ...  0.000091   0.009312   0.000022   0.004154  0.005865    0.001751   0.002407   0.000433
T[T>G]T                      0.027275  0.000046    0.000982    0.011706   0.001896  0.000944  0.000023   0.000028  ...  0.001101   0.000409   0.000019   0.003508  0.010632    0.003773   0.020125   0.001303
support_presence_sum     13054.141553  0.714612  251.527397  449.486301  15.011416  6.328767  0.890411  36.696347  ...  5.634703  12.500000  17.904110  47.084475  1.753425  171.445205  80.068493  30.248858
support_probability_sum    783.079566  0.039616   35.848786   31.356808   0.967638  0.412719  0.068952   3.882323  ...  0.211982   0.735047   1.719242   3.119833  0.073256   12.253614   4.636886   5.533533

[98 rows x 22 columns]
/Users/bs/Documents/TestRun6/MutSigExperiments/Results_KidneyRCC_it400_ig100/tuned_train/wgs_wes__Head-SCC/combined_signatures/extracted_sig__bootstrap_by_cossim.csv
/Users/bs/Documents/TestRun6/MutSigExperiments/Results_KidneyRCC_it400_ig100/tuned_train/wgs_wes__Head-SCC/combined_signatures/sig_viz.csv
/Users/bs/Documents/TestRun6/MutSigExperiments/Results_KidneyRCC_it400_ig100/tuned_train/wgs_wes__Head-SCC/combined_signatures/similarity_to_cosmic.csv
Mean cosine similarity with matching COSMIC signatures: 
0.8776940757071173
Finish time: 2022-08-31 18:42:22.802405
