Start time: 2022-08-31 18:41:37.667604
Model_name:  wgs_wes__Eso
Model directory: /Users/bs/Documents/TestRun6/MutSigExperiments/Results_KidneyRCC_it400_ig100/tuned_train/wgs_wes__Eso/combined_signatures/

****************************************** Combine signatures ******************************************
/Users/bs/Documents/TestRun6/MutSigExperiments/Results_KidneyRCC_it400_ig100/tuned_train/wgs_wes__Eso/3730/wgs_wes__Eso__signatures_3730.csv
/Users/bs/Documents/TestRun6/MutSigExperiments/Results_KidneyRCC_it400_ig100/tuned_train/wgs_wes__Eso/6931/wgs_wes__Eso__signatures_6931.csv
/Users/bs/Documents/TestRun6/MutSigExperiments/Results_KidneyRCC_it400_ig100/tuned_train/wgs_wes__Eso/4291/wgs_wes__Eso__signatures_4291.csv
/Users/bs/Documents/TestRun6/MutSigExperiments/Results_KidneyRCC_it400_ig100/tuned_train/wgs_wes__Eso/3680/wgs_wes__Eso__signatures_3680.csv
/Users/bs/Documents/TestRun6/MutSigExperiments/Results_KidneyRCC_it400_ig100/tuned_train/wgs_wes__Eso/232/wgs_wes__Eso__signatures_232.csv
/Users/bs/Documents/TestRun6/MutSigExperiments/Results_KidneyRCC_it400_ig100/tuned_train/wgs_wes__Eso/3453/wgs_wes__Eso__signatures_3453.csv
/Users/bs/Documents/TestRun6/MutSigExperiments/Results_KidneyRCC_it400_ig100/tuned_train/wgs_wes__Eso/1213/wgs_wes__Eso__signatures_1213.csv
/Users/bs/Documents/TestRun6/MutSigExperiments/Results_KidneyRCC_it400_ig100/tuned_train/wgs_wes__Eso/3121/wgs_wes__Eso__signatures_3121.csv
/Users/bs/Documents/TestRun6/MutSigExperiments/Results_KidneyRCC_it400_ig100/tuned_train/wgs_wes__Eso/2007/wgs_wes__Eso__signatures_2007.csv
/Users/bs/Documents/TestRun6/MutSigExperiments/Results_KidneyRCC_it400_ig100/tuned_train/wgs_wes__Eso/4521/wgs_wes__Eso__signatures_4521.csv
/Users/bs/Documents/TestRun6/MutSigExperiments/Results_KidneyRCC_it400_ig100/tuned_train/wgs_wes__Eso/3474/wgs_wes__Eso__signatures_3474.csv
/Users/bs/Documents/TestRun6/MutSigExperiments/Results_KidneyRCC_it400_ig100/tuned_train/wgs_wes__Eso/825/wgs_wes__Eso__signatures_825.csv
/Users/bs/Documents/TestRun6/MutSigExperiments/Results_KidneyRCC_it400_ig100/tuned_train/wgs_wes__Eso/2583/wgs_wes__Eso__signatures_2583.csv
/Users/bs/Documents/TestRun6/MutSigExperiments/Results_KidneyRCC_it400_ig100/tuned_train/wgs_wes__Eso/897/wgs_wes__Eso__signatures_897.csv
/Users/bs/Documents/TestRun6/MutSigExperiments/Results_KidneyRCC_it400_ig100/tuned_train/wgs_wes__Eso/4963/wgs_wes__Eso__signatures_4963.csv
/Users/bs/Documents/TestRun6/MutSigExperiments/Results_KidneyRCC_it400_ig100/tuned_train/wgs_wes__Eso/4166/wgs_wes__Eso__signatures_4166.csv
/Users/bs/Documents/TestRun6/MutSigExperiments/Results_KidneyRCC_it400_ig100/tuned_train/wgs_wes__Eso/combined_signatures/combined_sig.csv
Extracting similar signatures using cosine similarity: 
[[4, 17, 31, 36, 49, 69, 83, 92, 103, 112, 120, 138, 149, 157, 160, 175, 187], [47, 100, 151], [6, 11, 21, 29, 35, 46, 60, 73, 87, 105, 113, 128, 135, 154, 162, 169, 184, 188], [6, 11, 21, 35, 46, 60, 73, 87, 105, 113, 128, 135, 154, 162, 169, 188], [9, 20, 33, 40, 55, 67, 70, 75, 77, 90, 91, 94, 102, 106, 118, 125, 127, 129, 139, 143, 146, 152, 161, 164, 173, 177, 181, 182], [6, 21, 35, 60, 73, 87, 105, 113, 128, 135, 154, 162, 169, 184, 188], [29, 87, 105], [14, 27, 85, 145, 170], [5, 19, 42, 59, 76, 95, 98, 116, 126, 134, 153, 166, 171, 186], [4, 17, 31, 36, 49, 69, 83, 92, 103, 112, 120, 138, 149, 150, 157, 175, 187], [111], [0, 9, 15, 18, 20, 25, 30, 33, 39, 40, 55, 57, 58, 70, 75, 90, 91, 102, 104, 106, 114, 118, 123, 124, 127, 129, 139, 146, 161, 177, 181, 182], [5, 19, 42, 59, 62, 95, 116, 134, 153, 171, 186], [13], [7, 22, 24, 37, 52, 66, 74, 88, 99, 110, 130, 132, 148, 159, 176], [5, 19, 42, 59, 62, 95, 98, 116, 134, 153, 171, 186], [6, 21, 35, 41, 53, 60, 73, 84, 87, 105, 113, 128, 135, 154, 162, 169, 188], [32, 47, 63, 89, 115, 151], [0, 9, 15, 18, 20, 25, 30, 33, 40, 55, 57, 58, 70, 75, 90, 91, 102, 104, 106, 114, 118, 123, 124, 127, 129, 139, 146, 161, 177, 182], [2, 12, 34, 45, 56, 62, 80, 86, 101, 108, 121, 136, 147, 167, 174, 180], [149, 160], [21, 50, 78, 84, 150, 183], [9, 20, 33, 40, 55, 67, 70, 75, 77, 90, 94, 102, 106, 118, 125, 127, 129, 139, 143, 146, 152, 161, 164, 173, 177, 181, 182], [47, 54, 151, 184], [21, 35, 41, 50, 84, 150, 169, 183], [7, 22, 24, 37, 38, 52, 66, 74, 82, 88, 99, 110, 130, 132, 148, 159, 176, 190], [79], [9, 15, 18, 20, 25, 30, 33, 40, 55, 57, 58, 67, 70, 75, 90, 91, 94, 102, 104, 106, 118, 123, 124, 125, 127, 129, 139, 143, 146, 152, 161, 164, 173, 177, 181, 182], [1, 16, 61, 137, 142, 155, 158, 165, 179], [6, 21, 35, 41, 84, 87, 105, 113, 128, 135, 154, 162, 169], [19, 59, 76, 98, 126, 134, 153, 166, 171, 186], [9, 20, 33, 40, 55, 67, 70, 75, 77, 90, 94, 102, 118, 125, 127, 129, 139, 143, 152, 161, 164, 173, 181], [6, 21, 35, 41, 84, 169], [9, 20, 33, 40, 55, 58, 67, 70, 75, 90, 91, 94, 102, 104, 106, 118, 123, 125, 127, 129, 139, 143, 146, 152, 161, 164, 173, 177, 181, 182], [59, 76, 126, 166, 171, 186], [5, 19, 34, 42, 56, 59, 62, 80, 95, 101, 116, 121, 134, 136, 153, 167, 174, 180], [81], [9, 18, 20, 33, 40, 55, 58, 67, 70, 75, 90, 91, 94, 102, 104, 106, 118, 123, 125, 127, 129, 139, 143, 146, 152, 161, 164, 173, 177, 181, 182], [0, 9, 15, 18, 20, 25, 30, 33, 40, 57, 58, 70, 75, 90, 91, 104, 114, 118, 123, 124, 139, 146, 161, 177, 182], [7, 22, 24, 38, 52, 66, 74, 82, 88, 99, 110, 130, 132, 148, 159, 176, 190], [89, 178, 185], [172], [9, 20, 33, 40, 55, 67, 75, 77, 90, 94, 102, 118, 125, 127, 129, 139, 143, 152, 161, 164, 173, 181], [5, 19, 42, 59, 62, 76, 95, 116, 134, 153, 166, 171, 186], [2, 12, 34, 45, 56, 62, 71, 80, 86, 101, 108, 121, 136, 147, 167, 174, 180], [10, 170], [21, 29, 35, 46, 60, 73, 87, 105, 113, 128, 135, 154, 162, 169, 184, 188], [6, 35, 46, 60, 73, 87, 105, 113, 128, 135, 154, 162, 169, 188], [5, 19, 42, 59, 62, 95, 98, 116, 134, 153, 166, 171, 186], [0, 15, 18, 25, 39, 57, 58, 70, 75, 90, 91, 104, 106, 114, 118, 123, 139, 146, 161, 177, 182, 185], [9, 15, 18, 20, 33, 40, 55, 58, 67, 70, 75, 77, 90, 91, 94, 102, 104, 106, 107, 118, 123, 124, 125, 127, 129, 139, 143, 146, 152, 161, 164, 173, 177, 181, 182, 191], [9, 20, 33, 40, 55, 58, 67, 70, 75, 90, 91, 94, 102, 104, 106, 118, 125, 127, 129, 139, 143, 146, 152, 161, 164, 173, 177, 181, 182], [63, 76, 115, 126, 166, 186], [0, 53, 65, 90, 107, 191], [3], [6, 21, 35, 41, 87, 113, 128, 154, 169], [44, 64, 163], [9, 20, 33, 40, 55, 67, 70, 75, 77, 90, 94, 102, 106, 118, 125, 127, 129, 139, 143, 152, 161, 164, 173, 181], [11, 32, 47, 54, 100, 115, 151], [51], [8, 23, 28, 43, 48, 68, 72, 93, 97, 119, 122, 133, 144, 156, 168, 189], [14, 145, 170], [0, 9, 15, 18, 20, 25, 30, 33, 40, 55, 57, 58, 67, 70, 75, 90, 91, 94, 102, 104, 106, 114, 118, 123, 124, 127, 129, 139, 146, 161, 177, 181, 182], [85, 131], [26, 109], [9, 15, 18, 20, 25, 30, 33, 39, 40, 55, 57, 58, 67, 70, 75, 90, 91, 94, 102, 104, 106, 114, 118, 123, 124, 127, 129, 139, 146, 152, 161, 173, 177, 181, 182], [98, 116, 134, 166, 171, 186], [0, 18, 30, 58, 70, 75, 91, 104, 114, 123, 124, 139, 146, 161, 177, 182], [5, 19, 42, 59, 62, 95, 116, 134, 153, 166, 171, 186], [117], [63, 140], [0, 44, 64, 114, 141, 163], [10, 14, 27, 145, 170], [7, 22, 24, 38, 52, 66, 82, 88, 99, 110, 130, 132, 148, 159, 176, 190], [21, 50, 78, 84, 150, 157, 183], [67, 77, 90, 94, 125, 127, 143, 152, 164, 173, 181], [11, 32, 47, 63, 89, 115, 126, 151], [11, 32, 47, 54, 89, 100, 115, 151], [53, 65, 107, 169, 191], [46, 60, 73, 87, 105, 113, 128, 135, 154, 162, 169, 184, 188], [0, 15, 18, 25, 30, 44, 57, 58, 70, 91, 104, 114, 123, 124, 141, 146, 163, 177, 182], [9, 15, 20, 25, 33, 39, 40, 55, 57, 58, 67, 70, 75, 90, 91, 94, 102, 104, 106, 118, 123, 129, 139, 146, 152, 161, 177, 181, 182], [9, 20, 33, 40, 55, 58, 67, 70, 75, 77, 90, 91, 94, 102, 104, 118, 125, 127, 129, 139, 143, 146, 152, 161, 164, 173, 177, 181, 182], [7, 22, 37, 52, 66, 74, 88, 110, 130, 132, 148, 159, 176], [0, 44, 114, 141, 163, 185], [0, 15, 18, 25, 39, 57, 58, 70, 75, 91, 104, 106, 114, 123, 139, 146, 161, 177, 182, 185], [46, 60, 73, 87, 105, 113, 128, 135, 154, 162, 169, 188], [5, 19, 42, 59, 76, 95, 98, 116, 134, 153, 166, 171, 186], [11, 21, 47, 87, 115, 128, 151], [44, 64, 114, 141, 163], [4, 17, 31, 36, 49, 69, 83, 92, 103, 112, 120, 138, 149, 157, 175, 187], [2, 12, 34, 45, 56, 71, 80, 86, 101, 108, 121, 136, 147, 167, 174, 180], [54, 60, 73, 87, 105, 113, 135, 162, 184], [35, 46, 60, 73, 87, 105, 113, 128, 135, 154, 162, 169, 184, 188], [9, 15, 18, 20, 33, 40, 55, 58, 67, 70, 75, 90, 91, 94, 102, 104, 106, 118, 123, 124, 125, 127, 129, 139, 143, 146, 152, 161, 164, 173, 177, 181, 182], [78, 150, 183], [96], [32, 63, 89, 115, 126, 140], [53, 65, 107, 191], [0, 9, 15, 18, 20, 25, 30, 33, 39, 40, 55, 57, 58, 70, 75, 90, 91, 104, 106, 114, 118, 123, 124, 129, 139, 146, 161, 177, 182], [53, 65, 90, 107, 191], [0, 9, 18, 30, 40, 58, 70, 75, 90, 91, 104, 114, 118, 123, 124, 139, 146, 161, 177, 182], [0, 15, 25, 39, 57, 70, 91, 106, 123, 146, 177, 185], [50, 84, 150, 183], [32, 63, 89, 115, 151, 178], [0, 15, 18, 25, 30, 39, 57, 58, 91, 104, 114, 123, 124, 141, 146, 163, 177, 182, 185, 191], [46, 60, 73, 87, 105, 128, 135, 154, 162, 188], [9, 18, 20, 33, 40, 55, 58, 67, 70, 75, 90, 91, 94, 102, 104, 106, 118, 123, 124, 125, 127, 129, 139, 143, 146, 152, 161, 164, 173, 177, 181, 182], [0, 15, 25, 39, 57, 141, 178, 185], [27, 145, 170], [2, 12, 34, 45, 56, 71, 86, 101, 108, 121, 136, 147, 167, 174, 180], [0, 9, 15, 18, 20, 25, 30, 33, 39, 40, 55, 57, 58, 67, 70, 75, 90, 91, 94, 102, 104, 106, 114, 118, 123, 124, 127, 129, 139, 146, 161, 177, 181, 182], [6, 11, 21, 35, 41, 84, 87, 105, 113, 128, 150, 169, 183], [85, 131, 145]]
[[4, 11, 18, 22, 27, 31, 33, 37, 38, 42, 49, 50, 51, 57, 62, 65, 67, 75, 81, 82, 85, 94, 99, 101, 102, 107, 111], [7, 45, 61, 72, 109], [59, 61], [60], [69], [53, 78, 98, 100], [1, 17, 23, 40, 52, 58, 70, 76, 77, 88, 97, 104], [26], [63, 113], [4, 11, 18, 22, 27, 31, 33, 37, 38, 42, 49, 50, 51, 53, 57, 62, 65, 67, 80, 81, 82, 85, 94, 99, 101, 102, 105, 107, 108, 111], [4, 11, 18, 22, 27, 31, 33, 37, 38, 42, 49, 50, 51, 53, 57, 62, 65, 67, 75, 80, 81, 82, 85, 94, 99, 101, 102, 105, 107, 108, 111], [96], [41], [4, 11, 18, 22, 27, 33, 37, 38, 49, 50, 51, 53, 62, 65, 67, 71, 80, 81, 82, 84, 85, 94, 99, 101, 102, 105, 107, 108, 111], [2, 3, 5, 6, 16, 24, 29, 32, 46, 47, 55, 79, 86, 88, 92, 93, 106, 112], [7, 63, 113], [38, 49, 53, 67, 78, 80, 85, 98, 99, 100, 101, 102, 105, 108], [1, 2, 3, 5, 6, 16, 17, 23, 24, 29, 32, 46, 47, 55, 58, 76, 77, 79, 86, 88, 92, 93, 97, 104, 106, 112], [1, 2, 6, 17, 23, 58, 76, 77, 88, 92, 104], [1, 17, 23, 58, 76, 77, 88, 104], [10], [8, 12, 15, 19, 35, 43, 44, 48, 68, 87, 91, 110], [14, 25, 39, 73, 83], [13], [2, 5, 16, 21, 24, 29, 32, 55, 74, 88, 95, 103, 112], [56, 71, 80, 84, 89, 105, 108], [28], [8, 12, 15, 30, 34, 43, 48, 52, 66, 68, 87], [56, 71, 80, 84, 89, 105], [0, 9, 20, 90], [17, 70, 76, 97, 104], [2, 3, 5, 6, 16, 29, 32, 46, 47, 55, 79, 86, 88, 92, 93, 106, 112], [1, 17, 23, 58, 76, 77, 88, 97, 104], [4, 11, 18, 22, 27, 31, 33, 37, 38, 42, 49, 50, 51, 57, 62, 65, 67, 75, 81, 82, 85, 94, 99, 101, 107, 111], [19, 35, 44, 91, 110], [2, 3, 5, 6, 16, 23, 29, 32, 46, 47, 55, 79, 86, 88, 92, 93, 106, 112], [64], [7, 45, 59, 61, 72, 109], [56, 71, 84, 89], [8, 12, 15, 30, 34, 35, 43, 48, 66, 68, 87], [4, 11, 18, 22, 27, 31, 33, 37, 38, 42, 49, 50, 51, 57, 62, 65, 67, 75, 80, 81, 82, 85, 94, 99, 101, 102, 105, 107, 111], [7, 45, 61, 72, 109, 113], [21, 24, 32, 74, 95, 103, 112], [40, 104, 108], [38, 40, 49, 53, 67, 80, 84, 85, 99, 101, 102, 105, 108], [2, 3, 5, 6, 16, 23, 24, 29, 32, 46, 47, 55, 79, 86, 88, 92, 93, 106, 112], [1, 17, 23, 52, 58, 70, 76, 77, 88, 97, 104], [36], [17, 30, 34, 52, 66, 76, 97, 104], [17, 52, 58, 70, 76, 77, 88, 97, 104], [54], [2, 3, 5, 6, 16, 21, 24, 29, 32, 46, 47, 55, 74, 79, 86, 88, 92, 93, 95, 103, 106, 112]]
[[11], [0, 9, 10, 13, 16, 33, 40, 44], [23], [5, 16], [20], [26], [21, 27, 39, 48], [21, 34], [6, 17, 18, 19, 24, 30, 32, 46, 48, 49], [6, 17, 18, 19, 30, 32, 46, 48, 49], [29], [8, 15], [0, 9, 10, 13, 16, 25, 28, 33, 40, 44], [47], [50], [6, 19, 27, 30, 32, 46, 48, 49], [16, 25, 28, 38, 44], [4], [8, 15, 37, 41], [1, 2, 15, 37, 41], [21, 27, 34, 39], [7], [0, 5, 9, 10, 13, 16, 25, 28, 33, 40, 44], [6, 18, 19, 30, 32, 46, 48, 49], [22], [14, 17, 24, 31, 35, 42, 45, 51], [25, 28, 38], [14, 17, 18, 19, 24, 31, 35, 42, 45, 51], [6, 14, 17, 18, 19, 24, 30, 31, 32, 35, 45, 46, 49, 51], [43], [1, 2, 37, 41], [3], [21, 27, 39], [12], [6, 14, 17, 18, 19, 24, 31, 32, 35, 42, 45, 46, 49, 51], [14, 17, 18, 24, 31, 35, 42, 45, 51], [36]]
[[2], [1, 3, 12, 16, 22], [5], [14], [18, 19, 30], [17], [29], [6, 7, 20, 32], [4], [8, 9, 15, 23, 27, 28, 34, 35], [10], [8, 9, 23, 25, 27, 28, 34, 35], [13], [8, 9, 15, 23, 25, 27, 28, 34, 35], [7, 20, 32], [6, 20, 32], [1, 3, 12, 16, 22, 26], [11, 18, 19], [8, 9, 25, 27, 28, 34, 35], [3, 16, 26], [31], [0], [11, 18, 19, 30], [21], [24], [33], [36], [8, 9, 15, 23, 28, 34]]
[[6], [12], [2], [4, 17, 22], [5], [21], [9, 11, 13, 18, 27], [24], [8], [23], [1, 16, 19], [7, 14, 15], [20], [10], [25], [0], [26], [3]]
[[6], [12], [2], [15], [5], [11], [8], [14], [4], [17], [1], [7], [10], [16], [0], [13], [3], [9]]
Pairwise Cosine Similarity of extracted signature: 
          0         1         2         3         4         5         6         7         8         9         10        11        12        13        14        15        16        17
0   1.000000  0.677091  0.568702  0.352808  0.320392  0.024303  0.807790  0.431079  0.723660  0.513935  0.876738  0.393626  0.471266  0.395931  0.150271  0.244018  0.823268  0.359172
1   0.677091  1.000000  0.450486  0.278686  0.173546  0.020759  0.592415  0.132376  0.506587  0.416430  0.624734  0.701895  0.172929  0.213870  0.111387  0.311195  0.845047  0.286699
2   0.568702  0.450486  1.000000  0.784826  0.682246  0.256651  0.788121  0.372862  0.649166  0.567466  0.434502  0.407978  0.516679  0.494515  0.250918  0.412206  0.509289  0.484128
3   0.352808  0.278686  0.784826  1.000000  0.857991  0.380798  0.541820  0.363652  0.361601  0.386583  0.196036  0.290822  0.389499  0.395093  0.109998  0.387159  0.291626  0.281554
4   0.320392  0.173546  0.682246  0.857991  1.000000  0.272504  0.514885  0.333052  0.454257  0.231640  0.135908  0.232365  0.355180  0.692197  0.051840  0.214429  0.201681  0.159049
5   0.024303  0.020759  0.256651  0.380798  0.272504  1.000000  0.040058  0.032118  0.027312  0.029209  0.015932  0.019589  0.025594  0.046509  0.008816  0.017104  0.022989  0.021123
6   0.807790  0.592415  0.788121  0.541820  0.514885  0.040058  1.000000  0.536520  0.778963  0.555483  0.570546  0.636850  0.627771  0.586974  0.144875  0.424047  0.725123  0.434099
7   0.431079  0.132376  0.372862  0.363652  0.333052  0.032118  0.536520  1.000000  0.459877  0.207551  0.152706  0.308714  0.820536  0.331036  0.050252  0.140974  0.176061  0.104277
8   0.723660  0.506587  0.649166  0.361601  0.454257  0.027312  0.778963  0.459877  1.000000  0.340327  0.666418  0.361545  0.527798  0.681544  0.145255  0.297403  0.609321  0.288174
9   0.513935  0.416430  0.567466  0.386583  0.231640  0.029209  0.555483  0.207551  0.340327  1.000000  0.480516  0.334049  0.423291  0.177774  0.384301  0.319602  0.477663  0.866311
10  0.876738  0.624734  0.434502  0.196036  0.135908  0.015932  0.570546  0.152706  0.666418  0.480516  1.000000  0.206533  0.231753  0.193102  0.194478  0.162049  0.800751  0.465420
11  0.393626  0.701895  0.407978  0.290822  0.232365  0.019589  0.636850  0.308714  0.361545  0.334049  0.206533  1.000000  0.270467  0.289143  0.030174  0.241338  0.713618  0.251668
12  0.471266  0.172929  0.516679  0.389499  0.355180  0.025594  0.627771  0.820536  0.527798  0.423291  0.231753  0.270467  1.000000  0.378228  0.125975  0.261416  0.229908  0.297847
13  0.395931  0.213870  0.494515  0.395093  0.692197  0.046509  0.586974  0.331036  0.681544  0.177774  0.193102  0.289143  0.378228  1.000000  0.043871  0.158084  0.253572  0.121286
14  0.150271  0.111387  0.250918  0.109998  0.051840  0.008816  0.144875  0.050252  0.145255  0.384301  0.194478  0.030174  0.125975  0.043871  1.000000  0.040735  0.122711  0.312650
15  0.244018  0.311195  0.412206  0.387159  0.214429  0.017104  0.424047  0.140974  0.297403  0.319602  0.162049  0.241338  0.261416  0.158084  0.040735  1.000000  0.245824  0.227082
16  0.823268  0.845047  0.509289  0.291626  0.201681  0.022989  0.725123  0.176061  0.609321  0.477663  0.800751  0.713618  0.229908  0.253572  0.122711  0.245824  1.000000  0.383282
17  0.359172  0.286699  0.484128  0.281554  0.159049  0.021123  0.434099  0.104277  0.288174  0.866311  0.465420  0.251668  0.297847  0.121286  0.312650  0.227082  0.383282  1.000000
Mean Cosine Similarity of extracted signature: 
0.39124512306384623
Extracted signatures: 
                                   0         1         2         3         4            5         6         7   ...        10         11            12        13        14         15          16        17
mutation_type                                                                                                   ...                                                                                        
A[C>A]A                      0.020338  0.001523  0.010327  0.000900  0.001615     0.011016  0.022066  0.000037  ...  0.006902   0.004981      0.007754  0.012178  0.015215   0.043128    0.012261  0.004790
A[C>A]C                      0.013531  0.001287  0.010347  0.010291  0.001289     0.006989  0.007184  0.000038  ...  0.003538   0.007730      0.004478  0.008081  0.009535   0.013047    0.012443  0.001817
A[C>A]G                      0.001561  0.000364  0.010714  0.002551  0.077609     0.000912  0.001085  0.000038  ...  0.000501   0.003230      0.000666  0.001074  0.001061   0.004221    0.019299  0.001012
A[C>A]T                      0.013260  0.002356  0.010210  0.006692  0.001030     0.005629  0.011034  0.000037  ...  0.004069   0.002563      0.005304  0.010063  0.008406   0.019250    0.005223  0.001703
A[C>G]A                      0.008050  0.001870  0.010351  0.008567  0.001271     0.003098  0.006021  0.000037  ...  0.005344   0.002295      0.003317  0.006252  0.004168   0.003962    0.010628  0.001800
...                               ...       ...       ...       ...       ...          ...       ...       ...  ...       ...        ...           ...       ...       ...        ...         ...       ...
T[T>G]C                      0.002717  0.000714  0.010468  0.003977  0.001226     0.001410  0.003430  0.000041  ...  0.001405   0.001465      0.005914  0.003217  0.001086   0.000844    0.003484  0.015937
T[T>G]G                      0.005673  0.002130  0.010435  0.008249  0.001415     0.002121  0.007358  0.000039  ...  0.003356   0.001046      0.005418  0.004594  0.002644   0.002161    0.003964  0.011870
T[T>G]T                      0.018523  0.008677  0.010059  0.000691  0.001039     0.008162  0.023258  0.000039  ...  0.017369   0.001545      0.076225  0.030623  0.027179   0.006350    0.000305  0.051965
support_presence_sum     21163.484807  6.446133  0.000000  0.447514  0.189227  2261.013812  0.227901  0.270718  ...  0.292818  69.708564  10661.812155  0.501381  6.218232  25.273481  394.132597  0.419890
support_probability_sum   4161.285728  0.740779  0.000000  0.038468  0.005387   344.811982  0.017193  0.006344  ...  0.023390  21.138943   1758.233421  0.050592  0.818242   2.950606   63.676653  0.031934

[98 rows x 18 columns]
/Users/bs/Documents/TestRun6/MutSigExperiments/Results_KidneyRCC_it400_ig100/tuned_train/wgs_wes__Eso/combined_signatures/extracted_sig__bootstrap_by_cossim.csv
/Users/bs/Documents/TestRun6/MutSigExperiments/Results_KidneyRCC_it400_ig100/tuned_train/wgs_wes__Eso/combined_signatures/sig_viz.csv
/Users/bs/Documents/TestRun6/MutSigExperiments/Results_KidneyRCC_it400_ig100/tuned_train/wgs_wes__Eso/combined_signatures/similarity_to_cosmic.csv
Mean cosine similarity with matching COSMIC signatures: 
0.8825578573632836
Finish time: 2022-08-31 18:41:57.789796
